378662
378663
378657
378656
378667
378669
378674
378673
378664
378658
378670
378675
378665
378659
378671
378676
378666
378660
378672
378677
378822
378823
378824
378825
378831
378832
378826
378827
378834
378833
378828
378835
378836
378829
353177
353178
353179
353180
353181
353182
353183
353184
353185
353186
353187
353188
353189
353190
353191
353192
353193
353194
353195
353196
353197
353198
353199
353200
353201
371266
371267
371268
371269
371270
371272
371273
371271
359603
359604
359605
359606
359607
359608
359609
359610
359611
359612
359613
359614
359615
359616
359617
359618
359619
359621
359622
359623
359624
359625
359626
359627
359628
370723
370722
370725
370724
370726
370728
370729
370727
314340
314341
314342
314343
314344
314345
314346
314347
314348
314349
314350
314351
314352
314353
314354
314355
314356
314357
314358
314359
314360
314361
314362
314363
314364
365316
365317
365318
365319
365320
365322
365323
365321
353153
353154
353155
353157
353156
353159
353158
353202
353161
353160
353162
353163
353164
353165
353166
353167
353168
353169
353170
353171
353172
353173
353174
353175
353203
371278
371279
371280
371281
371282
371284
371285
371283
348063
348061
348064
348059
348458
348457
348459
348460
348462
348461
348465
348466
348463
348464
348468
348467
348470
348469
348471
348472
348473
348474
348475
359463
348476
319765
319766
319767
319768
319769
319770
319771
319772
319773
319774
319775
319776
319777
319778
319779
319780
319781
319782
319783
319784
319785
319786
319787
319788
319789
319790
319791
319792
319793
319794
342356
342357
342358
342359
342360
342361
342362
342363
314622
314623
314624
314625
314626
314628
314629
314630
314631
314632
314634
314635
314636
314637
314638
314639
314640
314641
314642
314643
314644
314645
314646
314647
314648
314650
314651
314652
314653
314654
337407
337408
337409
337410
337411
337413
337414
337412
318911
318913
318914
318915
318916
318917
318918
318919
318920
318921
318922
318923
318924
318925
318926
318927
318928
318929
318930
318931
318932
318933
318934
318935
318936
318937
318938
318939
318940
318941
341816
341817
341818
341819
341820
341822
341823
341821
314301
314302
314303
314304
314305
314306
314307
314308
314309
314310
314311
314312
314313
314314
314315
314316
314317
314318
314319
314320
314321
314322
314323
314324
314325
314326
314327
314328
314329
314330
329907
329908
329909
329910
329912
329911
329913
329914
312765
312766
312767
312768
312798
312797
312800
312799
312803
312802
312777
312776
312778
312780
312781
321373
312779
295605
295606
295610
295611
295615
295608
295613
295607
295612
295617
295609
295614
295619
307572
307573
307574
303087
303088
303086
298687
298688
298692
298693
298697
298690
298695
298689
298694
298698
298691
298696
298699
298830
298831
298832
298833
298834
298835
297401
297402
297406
297407
297412
297403
297404
297408
297409
297414
297416
297405
297410
307567
307565
307564
303093
303094
303095
296735
296745
296730
296731
296736
296747
296738
296737
296733
296732
296749
296734
296739
297254
297253
297255
297256
297257
297258
